Q 3000 İterasyon sonra
0,0  131,1  0,0  0,0  204,8  0,0  0,0  0,0  0,0  0,0  0,0  0,0  0,0  0,0  0,0  0,0  
163,8  0,0  104,9  0,0  0,0  0,0  0,0  0,0  0,0  0,0  0,0  0,0  0,0  0,0  0,0  0,0  
0,0  131,1  0,0  83,9  0,0  0,0  0,0  0,0  0,0  0,0  0,0  0,0  0,0  0,0  0,0  0,0  
0,0  0,0  104,9  0,0  0,0  0,0  0,0  67,1  0,0  0,0  0,0  0,0  0,0  0,0  0,0  0,0  
163,8  0,0  0,0  0,0  0,0  256,0  0,0  0,0  0,0  0,0  0,0  0,0  0,0  0,0  0,0  0,0  
0,0  0,0  0,0  0,0  204,8  0,0  204,8  0,0  0,0  320,0  0,0  0,0  0,0  0,0  0,0  0,0  
0,0  0,0  0,0  0,0  0,0  256,0  0,0  0,0  0,0  0,0  0,0  0,0  0,0  0,0  0,0  0,0  
0,0  0,0  0,0  83,9  0,0  0,0  0,0  0,0  0,0  0,0  0,0  53,7  0,0  0,0  0,0  0,0  
0,0  0,0  0,0  0,0  0,0  0,0  0,0  0,0  0,0  320,0  0,0  0,0  204,8  0,0  0,0  0,0  
0,0  0,0  0,0  0,0  0,0  256,0  0,0  0,0  256,0  0,0  400,0  0,0  0,0  0,0  0,0  0,0  
0,0  0,0  0,0  0,0  0,0  0,0  0,0  0,0  0,0  320,0  0,0  0,0  0,0  0,0  500,0  0,0  
0,0  0,0  0,0  0,0  0,0  0,0  0,0  67,1  0,0  0,0  0,0  0,0  0,0  0,0  0,0  42,9  
0,0  0,0  0,0  0,0  0,0  0,0  0,0  0,0  256,0  0,0  0,0  0,0  0,0  163,8  0,0  0,0  
0,0  0,0  0,0  0,0  0,0  0,0  0,0  0,0  0,0  0,0  0,0  0,0  204,8  0,0  0,0  0,0  
0,0  0,0  0,0  0,0  0,0  0,0  0,0  0,0  0,0  0,0  400,0  0,0  0,0  0,0  500,0  0,0  
0,0  0,0  0,0  0,0  0,0  0,0  0,0  0,0  0,0  0,0  0,0  53,7  0,0  0,0  0,0  0,0  
