Q 3000 İterasyon sonra
0,0  67,1  0,0  0,0  0,0  42,9  0,0  0,0  0,0  0,0  0,0  0,0  0,0  0,0  0,0  0,0  0,0  0,0  0,0  0,0  0,0  0,0  0,0  0,0  0,0  
53,7  0,0  83,9  0,0  0,0  0,0  0,0  0,0  0,0  0,0  0,0  0,0  0,0  0,0  0,0  0,0  0,0  0,0  0,0  0,0  0,0  0,0  0,0  0,0  0,0  
0,0  67,1  0,0  104,9  0,0  0,0  0,0  0,0  0,0  0,0  0,0  0,0  0,0  0,0  0,0  0,0  0,0  0,0  0,0  0,0  0,0  0,0  0,0  0,0  0,0  
0,0  0,0  83,9  0,0  131,1  0,0  0,0  0,0  0,0  0,0  0,0  0,0  0,0  0,0  0,0  0,0  0,0  0,0  0,0  0,0  0,0  0,0  0,0  0,0  0,0  
0,0  0,0  0,0  104,9  0,0  0,0  0,0  0,0  0,0  163,8  0,0  0,0  0,0  0,0  0,0  0,0  0,0  0,0  0,0  0,0  0,0  0,0  0,0  0,0  0,0  
53,7  0,0  0,0  0,0  0,0  0,0  34,4  0,0  0,0  0,0  34,4  0,0  0,0  0,0  0,0  0,0  0,0  0,0  0,0  0,0  0,0  0,0  0,0  0,0  0,0  
0,0  0,0  0,0  0,0  0,0  42,9  0,0  0,0  0,0  0,0  0,0  27,5  0,0  0,0  0,0  0,0  0,0  0,0  0,0  0,0  0,0  0,0  0,0  0,0  0,0  
0,0  0,0  0,0  0,0  0,0  0,0  0,0  0,0  14,1  0,0  0,0  0,0  0,0  0,0  0,0  0,0  0,0  0,0  0,0  0,0  0,0  0,0  0,0  0,0  0,0  
0,0  0,0  0,0  0,0  0,0  0,0  0,0  11,3  0,0  0,0  0,0  0,0  0,0  17,6  0,0  0,0  0,0  0,0  0,0  0,0  0,0  0,0  0,0  0,0  0,0  
0,0  0,0  0,0  0,0  131,1  0,0  0,0  0,0  0,0  0,0  0,0  0,0  0,0  0,0  204,8  0,0  0,0  0,0  0,0  0,0  0,0  0,0  0,0  0,0  0,0  
0,0  0,0  0,0  0,0  0,0  42,9  0,0  0,0  0,0  0,0  0,0  0,0  0,0  0,0  0,0  0,0  0,0  0,0  0,0  0,0  0,0  0,0  0,0  0,0  0,0  
0,0  0,0  0,0  0,0  0,0  0,0  34,4  0,0  0,0  0,0  0,0  0,0  22,0  0,0  0,0  0,0  0,0  0,0  0,0  0,0  0,0  0,0  0,0  0,0  0,0  
0,0  0,0  0,0  0,0  0,0  0,0  0,0  0,0  0,0  0,0  0,0  27,5  0,0  17,6  0,0  0,0  0,0  17,6  0,0  0,0  0,0  0,0  0,0  0,0  0,0  
0,0  0,0  0,0  0,0  0,0  0,0  0,0  0,0  14,1  0,0  0,0  0,0  22,0  0,0  0,0  0,0  0,0  0,0  0,0  0,0  0,0  0,0  0,0  0,0  0,0  
0,0  0,0  0,0  0,0  0,0  0,0  0,0  0,0  0,0  163,8  0,0  0,0  0,0  0,0  0,0  0,0  0,0  0,0  0,0  256,0  0,0  0,0  0,0  0,0  0,0  
0,0  0,0  0,0  0,0  0,0  0,0  0,0  0,0  0,0  0,0  0,0  0,0  0,0  0,0  0,0  0,0  14,1  0,0  0,0  0,0  9,0  0,0  0,0  0,0  0,0  
0,0  0,0  0,0  0,0  0,0  0,0  0,0  0,0  0,0  0,0  0,0  0,0  0,0  0,0  0,0  11,3  0,0  17,6  0,0  0,0  0,0  0,0  0,0  0,0  0,0  
0,0  0,0  0,0  0,0  0,0  0,0  0,0  0,0  0,0  0,0  0,0  0,0  22,0  0,0  0,0  0,0  14,1  0,0  14,1  0,0  0,0  0,0  0,0  0,0  0,0  
0,0  0,0  0,0  0,0  0,0  0,0  0,0  0,0  0,0  0,0  0,0  0,0  0,0  0,0  0,0  0,0  0,0  17,6  0,0  0,0  0,0  0,0  0,0  0,0  0,0  
0,0  0,0  0,0  0,0  0,0  0,0  0,0  0,0  0,0  0,0  0,0  0,0  0,0  0,0  204,8  0,0  0,0  0,0  0,0  0,0  0,0  0,0  0,0  0,0  320,0  
0,0  0,0  0,0  0,0  0,0  0,0  0,0  0,0  0,0  0,0  0,0  0,0  0,0  0,0  0,0  11,3  0,0  0,0  0,0  0,0  0,0  7,2  0,0  0,0  0,0  
0,0  0,0  0,0  0,0  0,0  0,0  0,0  0,0  0,0  0,0  0,0  0,0  0,0  0,0  0,0  0,0  0,0  0,0  0,0  0,0  9,0  0,0  0,0  0,0  0,0  
0,0  0,0  0,0  0,0  0,0  0,0  0,0  0,0  0,0  0,0  0,0  0,0  0,0  0,0  0,0  0,0  0,0  0,0  0,0  0,0  0,0  0,0  500,0  400,0  0,0  
0,0  0,0  0,0  0,0  0,0  0,0  0,0  0,0  0,0  0,0  0,0  0,0  0,0  0,0  0,0  0,0  0,0  0,0  0,0  0,0  0,0  0,0  500,0  0,0  320,0  
0,0  0,0  0,0  0,0  0,0  0,0  0,0  0,0  0,0  0,0  0,0  0,0  0,0  0,0  0,0  0,0  0,0  0,0  0,0  256,0  0,0  0,0  0,0  400,0  0,0  
